# ============================================================================================
# MEDS CO2 file, format 1
# ============================================================================================
# FORMAT (full definition: docs/science/forcing.md, section "CO2")
#   Plain text. '#' starts a comment that runs to the end of the line; blank lines are ignored.
#   Two keyword lines come before the first data row, each exactly once:
#     timestep  <n> <unit>    n: a whole number >= 1; unit: year | month | day | hour | minute
#     units     umol/mol      dry-air mole fraction; the only unit accepted
#   Then one data row per period:   <period start>  <value>
#     The start is written to the precision of the unit, in model time (UTC for ERA5-Land):
#       year YYYY | month YYYY-MM | day YYYY-MM-DD | hour YYYY-MM-DDThh | minute YYYY-MM-DDThh:mm
#     The value is the mean CO2 over the period, from the start to the start plus n units.
#     Each row starts exactly n units after the one before it (no gaps); at least two rows.
#   MEDS places each value at the middle of its period and interpolates linearly between the
#   middles, holding the first and last values over the outer half-periods. A run must lie
#   between the start of the first period and the end of the last.
#   Examples:  timestep 5 year     ->  1000, 1005, 1010, ...
#              timestep 1 month    ->  1850-01, 1850-02, ...
#              timestep 30 minute  ->  2024-07-01T00:00, 2024-07-01T00:30, ...
#
# DATA
#   Global-mean surface CO2, calendar-year means, 1000-2022.
#   CMIP7 input4MIPs greenhouse-gas concentrations: source_id CR-CMIP-1-0-0, grid gm, frequency yr.
#   co2_input4MIPs_GHGConcentrations_CMIP_CR-CMIP-1-0-0_gm_1000-1749.nc
#   co2_input4MIPs_GHGConcentrations_CMIP_CR-CMIP-1-0-0_gm_1750-2022.nc
#   Files joined at 1749/1750: 278.007 -> 278.007.
#   Nicholls, Z., Meinshausen, M., Lewis, J., Pflueger, M., Menking, A., et al.: Greenhouse gas
#   concentrations for climate modelling (CMIP7), in prep., 2025.
#   doi: https://doi.org/10.5281/zenodo.14892947
#   Licence: CC BY 4.0 (https://creativecommons.org/licenses/by/4.0/).
#   Built by scripts/prepare_co2/make_co2_file.py on 2026-09-27; values rounded to 0.001 umol/mol.
# ============================================================================================
timestep  1 year
units     umol/mol
1000  282.437
1001  282.457
1002  282.477
1003  282.477
1004  282.467
1005  282.447
1006  282.417
1007  282.367
1008  282.317
1009  282.247
1010  282.187
1011  282.107
1012  282.037
1013  281.967
1014  281.887
1015  281.827
1016  281.767
1017  281.707
1018  281.667
1019  281.637
1020  281.627
1021  281.617
1022  281.627
1023  281.647
1024  281.677
1025  281.707
1026  281.757
1027  281.807
1028  281.877
1029  281.947
1030  282.017
1031  282.097
1032  282.177
1033  282.247
1034  282.307
1035  282.357
1036  282.407
1037  282.447
1038  282.487
1039  282.527
1040  282.577
1041  282.617
1042  282.667
1043  282.717
1044  282.777
1045  282.827
1046  282.887
1047  282.947
1048  283.007
1049  283.077
1050  283.137
1051  283.207
1052  283.267
1053  283.337
1054  283.397
1055  283.467
1056  283.537
1057  283.617
1058  283.697
1059  283.777
1060  283.857
1061  283.937
1062  284.017
1063  284.097
1064  284.167
1065  284.247
1066  284.317
1067  284.387
1068  284.447
1069  284.507
1070  284.567
1071  284.617
1072  284.677
1073  284.737
1074  284.797
1075  284.847
1076  284.907
1077  284.957
1078  285.007
1079  285.047
1080  285.097
1081  285.127
1082  285.157
1083  285.187
1084  285.207
1085  285.217
1086  285.227
1087  285.227
1088  285.217
1089  285.197
1090  285.177
1091  285.147
1092  285.107
1093  285.067
1094  285.027
1095  284.987
1096  284.947
1097  284.907
1098  284.867
1099  284.837
1100  284.807
1101  284.777
1102  284.757
1103  284.737
1104  284.717
1105  284.697
1106  284.687
1107  284.667
1108  284.657
1109  284.647
1110  284.627
1111  284.617
1112  284.597
1113  284.587
1114  284.577
1115  284.567
1116  284.557
1117  284.557
1118  284.557
1119  284.567
1120  284.577
1121  284.587
1122  284.607
1123  284.627
1124  284.647
1125  284.667
1126  284.697
1127  284.727
1128  284.757
1129  284.787
1130  284.827
1131  284.857
1132  284.897
1133  284.937
1134  284.967
1135  284.987
1136  285.007
1137  285.017
1138  285.027
1139  285.017
1140  285.007
1141  284.987
1142  284.967
1143  284.947
1144  284.917
1145  284.897
1146  284.867
1147  284.847
1148  284.827
1149  284.807
1150  284.797
1151  284.787
1152  284.777
1153  284.767
1154  284.767
1155  284.767
1156  284.767
1157  284.777
1158  284.777
1159  284.777
1160  284.777
1161  284.777
1162  284.787
1163  284.797
1164  284.807
1165  284.817
1166  284.847
1167  284.867
1168  284.897
1169  284.927
1170  284.967
1171  284.997
1172  285.037
1173  285.067
1174  285.097
1175  285.117
1176  285.137
1177  285.147
1178  285.157
1179  285.157
1180  285.157
1181  285.137
1182  285.127
1183  285.107
1184  285.077
1185  285.047
1186  285.017
1187  284.977
1188  284.947
1189  284.897
1190  284.857
1191  284.807
1192  284.757
1193  284.717
1194  284.677
1195  284.637
1196  284.597
1197  284.577
1198  284.547
1199  284.537
1200  284.517
1201  284.517
1202  284.517
1203  284.517
1204  284.517
1205  284.517
1206  284.517
1207  284.507
1208  284.497
1209  284.487
1210  284.477
1211  284.457
1212  284.437
1213  284.407
1214  284.367
1215  284.327
1216  284.277
1217  284.217
1218  284.157
1219  284.087
1220  284.017
1221  283.937
1222  283.857
1223  283.787
1224  283.697
1225  283.617
1226  283.547
1227  283.467
1228  283.397
1229  283.327
1230  283.267
1231  283.217
1232  283.167
1233  283.117
1234  283.077
1235  283.047
1236  283.027
1237  283.007
1238  282.997
1239  282.997
1240  283.007
1241  283.027
1242  283.057
1243  283.087
1244  283.137
1245  283.187
1246  283.237
1247  283.297
1248  283.347
1249  283.407
1250  283.457
1251  283.507
1252  283.557
1253  283.587
1254  283.617
1255  283.637
1256  283.637
1257  283.637
1258  283.627
1259  283.607
1260  283.577
1261  283.547
1262  283.517
1263  283.477
1264  283.437
1265  283.387
1266  283.327
1267  283.277
1268  283.217
1269  283.157
1270  283.107
1271  283.047
1272  282.997
1273  282.947
1274  282.907
1275  282.877
1276  282.847
1277  282.837
1278  282.827
1279  282.837
1280  282.857
1281  282.877
1282  282.907
1283  282.947
1284  282.977
1285  283.027
1286  283.067
1287  283.117
1288  283.157
1289  283.207
1290  283.247
1291  283.297
1292  283.337
1293  283.367
1294  283.407
1295  283.437
1296  283.477
1297  283.507
1298  283.537
1299  283.557
1300  283.587
1301  283.607
1302  283.617
1303  283.637
1304  283.647
1305  283.647
1306  283.647
1307  283.657
1308  283.657
1309  283.667
1310  283.677
1311  283.687
1312  283.697
1313  283.717
1314  283.727
1315  283.737
1316  283.747
1317  283.757
1318  283.767
1319  283.777
1320  283.777
1321  283.777
1322  283.777
1323  283.777
1324  283.767
1325  283.757
1326  283.747
1327  283.727
1328  283.707
1329  283.677
1330  283.647
1331  283.607
1332  283.567
1333  283.527
1334  283.477
1335  283.427
1336  283.367
1337  283.317
1338  283.257
1339  283.207
1340  283.157
1341  283.107
1342  283.057
1343  283.017
1344  282.977
1345  282.957
1346  282.937
1347  282.927
1348  282.927
1349  282.937
1350  282.957
1351  282.987
1352  283.027
1353  283.077
1354  283.127
1355  283.187
1356  283.247
1357  283.297
1358  283.357
1359  283.407
1360  283.457
1361  283.497
1362  283.537
1363  283.557
1364  283.577
1365  283.587
1366  283.597
1367  283.597
1368  283.587
1369  283.567
1370  283.557
1371  283.537
1372  283.507
1373  283.487
1374  283.457
1375  283.437
1376  283.407
1377  283.377
1378  283.337
1379  283.307
1380  283.267
1381  283.227
1382  283.177
1383  283.127
1384  283.067
1385  283.007
1386  282.947
1387  282.877
1388  282.817
1389  282.767
1390  282.717
1391  282.677
1392  282.657
1393  282.637
1394  282.617
1395  282.607
1396  282.597
1397  282.587
1398  282.577
1399  282.557
1400  282.527
1401  282.497
1402  282.467
1403  282.437
1404  282.407
1405  282.367
1406  282.337
1407  282.307
1408  282.277
1409  282.247
1410  282.217
1411  282.197
1412  282.167
1413  282.147
1414  282.117
1415  282.077
1416  282.037
1417  281.997
1418  281.947
1419  281.897
1420  281.847
1421  281.787
1422  281.737
1423  281.687
1424  281.637
1425  281.597
1426  281.557
1427  281.517
1428  281.487
1429  281.467
1430  281.457
1431  281.447
1432  281.447
1433  281.457
1434  281.457
1435  281.467
1436  281.477
1437  281.487
1438  281.487
1439  281.487
1440  281.487
1441  281.477
1442  281.457
1443  281.437
1444  281.427
1445  281.407
1446  281.387
1447  281.377
1448  281.357
1449  281.357
1450  281.357
1451  281.367
1452  281.377
1453  281.407
1454  281.437
1455  281.477
1456  281.517
1457  281.567
1458  281.617
1459  281.667
1460  281.707
1461  281.747
1462  281.777
1463  281.797
1464  281.817
1465  281.837
1466  281.847
1467  281.857
1468  281.857
1469  281.867
1470  281.877
1471  281.887
1472  281.907
1473  281.927
1474  281.957
1475  281.987
1476  282.027
1477  282.067
1478  282.107
1479  282.157
1480  282.217
1481  282.277
1482  282.337
1483  282.407
1484  282.487
1485  282.567
1486  282.657
1487  282.757
1488  282.857
1489  282.947
1490  283.047
1491  283.147
1492  283.237
1493  283.317
1494  283.397
1495  283.477
1496  283.547
1497  283.607
1498  283.667
1499  283.727
1500  283.787
1501  283.847
1502  283.917
1503  283.977
1504  284.037
1505  284.107
1506  284.157
1507  284.217
1508  284.267
1509  284.317
1510  284.347
1511  284.387
1512  284.407
1513  284.427
1514  284.437
1515  284.447
1516  284.447
1517  284.447
1518  284.437
1519  284.417
1520  284.397
1521  284.377
1522  284.357
1523  284.327
1524  284.297
1525  284.267
1526  284.227
1527  284.187
1528  284.147
1529  284.107
1530  284.067
1531  284.027
1532  283.997
1533  283.967
1534  283.947
1535  283.927
1536  283.907
1537  283.887
1538  283.877
1539  283.867
1540  283.857
1541  283.837
1542  283.827
1543  283.817
1544  283.807
1545  283.797
1546  283.777
1547  283.757
1548  283.747
1549  283.727
1550  283.717
1551  283.707
1552  283.717
1553  283.717
1554  283.727
1555  283.737
1556  283.757
1557  283.767
1558  283.777
1559  283.797
1560  283.807
1561  283.827
1562  283.847
1563  283.857
1564  283.867
1565  283.877
1566  283.867
1567  283.847
1568  283.817
1569  283.777
1570  283.717
1571  283.637
1572  283.557
1573  283.457
1574  283.347
1575  283.227
1576  283.107
1577  282.967
1578  282.827
1579  282.677
1580  282.527
1581  282.367
1582  282.197
1583  282.027
1584  281.847
1585  281.667
1586  281.487
1587  281.297
1588  281.107
1589  280.917
1590  280.737
1591  280.557
1592  280.387
1593  280.237
1594  280.077
1595  279.937
1596  279.787
1597  279.647
1598  279.497
1599  279.347
1600  279.207
1601  279.057
1602  278.927
1603  278.797
1604  278.687
1605  278.587
1606  278.497
1607  278.417
1608  278.357
1609  278.297
1610  278.247
1611  278.207
1612  278.177
1613  278.167
1614  278.157
1615  278.157
1616  278.157
1617  278.167
1618  278.187
1619  278.207
1620  278.237
1621  278.267
1622  278.307
1623  278.347
1624  278.377
1625  278.407
1626  278.437
1627  278.467
1628  278.487
1629  278.507
1630  278.527
1631  278.537
1632  278.527
1633  278.507
1634  278.477
1635  278.437
1636  278.387
1637  278.347
1638  278.297
1639  278.247
1640  278.207
1641  278.187
1642  278.167
1643  278.157
1644  278.157
1645  278.167
1646  278.177
1647  278.197
1648  278.207
1649  278.217
1650  278.227
1651  278.227
1652  278.217
1653  278.207
1654  278.177
1655  278.147
1656  278.117
1657  278.077
1658  278.027
1659  277.967
1660  277.907
1661  277.847
1662  277.787
1663  277.727
1664  277.667
1665  277.617
1666  277.577
1667  277.537
1668  277.507
1669  277.487
1670  277.477
1671  277.467
1672  277.467
1673  277.467
1674  277.467
1675  277.477
1676  277.477
1677  277.487
1678  277.477
1679  277.477
1680  277.467
1681  277.457
1682  277.457
1683  277.457
1684  277.457
1685  277.457
1686  277.467
1687  277.477
1688  277.487
1689  277.487
1690  277.497
1691  277.507
1692  277.517
1693  277.527
1694  277.527
1695  277.537
1696  277.537
1697  277.527
1698  277.527
1699  277.527
1700  277.537
1701  277.547
1702  277.577
1703  277.607
1704  277.657
1705  277.717
1706  277.797
1707  277.877
1708  277.967
1709  278.067
1710  278.177
1711  278.287
1712  278.407
1713  278.517
1714  278.627
1715  278.737
1716  278.837
1717  278.927
1718  278.997
1719  279.067
1720  279.107
1721  279.137
1722  279.147
1723  279.137
1724  279.117
1725  279.087
1726  279.047
1727  278.997
1728  278.947
1729  278.897
1730  278.837
1731  278.777
1732  278.727
1733  278.667
1734  278.617
1735  278.567
1736  278.517
1737  278.467
1738  278.407
1739  278.357
1740  278.307
1741  278.257
1742  278.207
1743  278.157
1744  278.117
1745  278.087
1746  278.057
1747  278.037
1748  278.017
1749  278.007
1750  278.007
1751  278.018
1752  278.028
1753  278.038
1754  278.058
1755  278.078
1756  278.088
1757  278.098
1758  278.108
1759  278.118
1760  278.138
1761  278.158
1762  278.188
1763  278.228
1764  278.278
1765  278.338
1766  278.409
1767  278.479
1768  278.559
1769  278.639
1770  278.729
1771  278.829
1772  278.929
1773  279.039
1774  279.159
1775  279.279
1776  279.399
1777  279.539
1778  279.669
1779  279.819
1780  279.969
1781  280.129
1782  280.289
1783  280.449
1784  280.589
1785  280.729
1786  280.859
1787  280.969
1788  281.079
1789  281.179
1790  281.269
1791  281.360
1792  281.430
1793  281.500
1794  281.570
1795  281.640
1796  281.720
1797  281.800
1798  281.890
1799  281.990
1800  282.090
1801  282.190
1802  282.291
1803  282.381
1804  282.471
1805  282.561
1806  282.632
1807  282.712
1808  282.782
1809  282.842
1810  282.912
1811  282.972
1812  283.032
1813  283.092
1814  283.142
1815  283.202
1816  283.263
1817  283.313
1818  283.373
1819  283.433
1820  283.483
1821  283.533
1822  283.573
1823  283.604
1824  283.624
1825  283.644
1826  283.654
1827  283.665
1828  283.655
1829  283.645
1830  283.636
1831  283.606
1832  283.586
1833  283.556
1834  283.526
1835  283.496
1836  283.468
1837  283.438
1838  283.418
1839  283.399
1840  283.399
1841  283.420
1842  283.450
1843  283.501
1844  283.572
1845  283.673
1846  283.783
1847  283.905
1848  284.035
1849  284.166
1850  284.297
1851  284.420
1852  284.553
1853  284.676
1854  284.802
1855  284.915
1856  285.039
1857  285.152
1858  285.275
1859  285.399
1860  285.529
1861  285.668
1862  285.805
1863  285.945
1864  286.095
1865  286.254
1866  286.413
1867  286.583
1868  286.762
1869  286.942
1870  287.120
1871  287.311
1872  287.494
1873  287.685
1874  287.858
1875  288.040
1876  288.229
1877  288.417
1878  288.625
1879  288.847
1880  289.084
1881  289.344
1882  289.626
1883  289.919
1884  290.218
1885  290.526
1886  290.854
1887  291.187
1888  291.545
1889  291.893
1890  292.251
1891  292.604
1892  292.952
1893  293.298
1894  293.630
1895  293.966
1896  294.298
1897  294.622
1898  294.949
1899  295.292
1900  295.629
1901  295.963
1902  296.295
1903  296.641
1904  296.971
1905  297.313
1906  297.653
1907  298.005
1908  298.312
1909  298.639
1910  298.971
1911  299.294
1912  299.636
1913  300.011
1914  300.335
1915  300.706
1916  301.118
1917  301.538
1918  301.960
1919  302.341
1920  302.818
1921  303.191
1922  303.605
1923  304.036
1924  304.405
1925  304.746
1926  305.067
1927  305.430
1928  305.736
1929  306.084
1930  306.378
1931  306.662
1932  306.974
1933  307.359
1934  307.766
1935  308.193
1936  308.648
1937  309.106
1938  309.507
1939  309.940
1940  310.354
1941  310.712
1942  311.031
1943  311.336
1944  311.598
1945  311.749
1946  312.031
1947  312.301
1948  312.555
1949  312.783
1950  313.079
1951  313.410
1952  313.725
1953  314.070
1954  314.433
1955  314.872
1956  315.316
1957  315.759
1958  316.232
1959  316.745
1960  317.505
1961  318.268
1962  319.038
1963  319.819
1964  320.621
1965  321.451
1966  322.316
1967  323.219
1968  324.164
1969  325.153
1970  326.187
1971  327.266
1972  328.390
1973  329.561
1974  330.775
1975  332.034
1976  333.339
1977  334.688
1978  336.077
1979  337.500
1980  338.949
1981  340.418
1982  340.890
1983  342.399
1984  344.063
1985  345.518
1986  347.001
1987  348.772
1988  351.275
1989  352.870
1990  354.091
1991  355.409
1992  356.300
1993  357.017
1994  358.370
1995  360.332
1996  362.126
1997  363.353
1998  366.078
1999  367.934
2000  369.233
2001  370.800
2002  372.908
2003  375.438
2004  377.100
2005  379.019
2006  381.160
2007  382.763
2008  384.928
2009  386.490
2010  388.901
2011  391.092
2012  393.244
2013  395.946
2014  397.833
2015  400.136
2016  403.249
2017  405.274
2018  407.763
2019  410.367
2020  412.874
2021  415.126
2022  417.320
